r
r
r
r
r
r
r
r
r
r
ca,0,255,0,0,0,0
ct,0,255,0,0,0,0
r
r
r
r
ca,0,255,0,0,0,0
r
r
ca,0,255,0,0,0,0
ca,255,0,0,0,0,0
ca,255,0,0,0,0,0
ca,0,255,0,0,0,0
ca,0,0,255,0,0,0
r
ca,0,255,0,0,0,0
ca,0,255,0,0,0,0
ca,0,255,0,0,0,0
ca,0,255,0,0,0,0
ct,0,255,0,0,0,0
ca,255,0,0,0,0,0
ca,0,0,255,0,0,0
r
ca,0,255,0,0,0,0
ct,0,255,0,0,0,0
r
ca,0,255,0,0,0,0
ct,0,255,0,0,0,0
ct,0,255,0,0,0,0
ct,255,0,0,0,0,0
ct,0,255,0,0,0,0
ca,255,0,0,0,0,0
ca,0,255,0,0,0,0
ct,0,0,255,0,0,0
ca,0,255,0,0,0,0
r
ca,0,255,0,0,0,0
ca,0,0,255,0,0,0
ca,255,0,0,0,0,0
ca,255,0,0,0,0,0
ca,0,0,255,0,0,0
ca,0,0,255,0,0,0
ca,0,0,255,0,0,0
ca,0,255,0,0,0,0
ca,0,255,0,0,0,0
ca,0,255,0,0,0,0
ca,0,255,0,0,0,0
ca,0,255,0,0,0,0
ca,0,255,0,0,0,0
ct,255,0,0,0,0,0
ct,255,0,0,0,0,0
ct,255,0,0,0,0,0
ct,0,255,0,0,0,0
ct,0,0,255,0,0,0
ct,0,0,255,0,0,0
ct,0,255,0,0,0,0
ct,255,0,0,0,0,0
ct,0,255,0,0,0,0
ct,255,0,0,0,0,0
ct,0,255,0,0,0,0
ct,255,0,0,0,0,0
ct,0,255,0,0,0,0
ct,255,0,0,0,0,0
ct,0,255,0,0,0,0
ct,255,0,0,0,0,0
ct,0,255,0,0,0,0
ct,255,0,0,0,0,0
ct,0,255,0,0,0,0
ct,255,0,0,0,0,0
ct,0,0,255,0,0,0
ct,0,255,0,0,0,0
ct,255,0,0,0,0,0
ct,0,255,0,0,0,0
ct,0,0,255,0,0,0
ct,0,255,0,0,0,0
ct,255,0,0,0,0,0
ct,0,255,0,0,0,0
ct,0,0,255,0,0,0
ca,0,0,255,0,0,0
ca,0,255,0,0,0,0
ca,255,0,0,0,0,0
ca,0,255,0,0,0,0
ca,255,0,0,0,0,0
ca,0,0,255,0,0,0
ct,255,0,0,0,0,0
ct,0,255,0,0,0,0
ct,0,0,255,0,0,0
ct,0,0,0,255,0,0
ct,255,0,0,0,0,0
ca,255,255,255,0,0,0
ca,0,0,255,0,0,0
ca,0,255,0,0,0,0
ca,255,0,0,0,0,0
ca,255,255,255,0,0,0
ca,0,0,255,0,0,0
ca,255,255,255,0,0,0
ca,0,255,0,0,0,0
ca,255,0,0,0,0,0
ca,0,255,0,0,0,0
ca,0,0,255,0,0,0
ct,255,0,0,0,0,0
ct,0,255,0,0,0,0
ca,0,255,0,0,0,0
ca,0,255,0,0,0,0
ca,0,255,0,0,0,0
th
th
ct,255,0,0,0,0,0
ca,0,255,0,0,0,0
h
h
h
h
h
h
ca,255,0,0,0,0,0
ca,255,0,0,0,0,0
ca,255,0,0,0,0,0
ca,0,255,0,0,0,0
ca,0,0,255,0,0,0
ca,0,0,255,0,0,0
ca,0,255,0,0,0,0
h
ca,0,0,255,0,0,0
h
ca,0,0,255,0,0,0
h
ca,0,0,255,0,0,0
h
ca,0,0,255,0,0,0
h
ct,255,0,0,0,0,0
h
ct,255,0,0,0,0,0
h
h
ct,255,0,0,0,0,0
h
ct,255,0,0,0,0,0
h
ct,255,0,0,0,0,0
h
ct,255,0,0,0,0,0
h
ct,255,0,0,0,0,0
h
ct,255,0,0,0,0,0
r
r
ca,0,255,0,0,0,0
ca,255,0,0,0,0,0
ca,0,0,255,0,0,0
ct,255,0,0,0,0,0
r
ca,0,0,255,0,0,0
ca,255,255,255,0,0,0
ca,0,255,0,0,0,0
ca,255,0,0,0,0,0
ct,0,0,255,0,0,0
ct,0,255,0,0,0,0
ct,255,0,0,0,0,0
ct,0,0,255,0,0,0
ct,0,255,0,0,0,0
ca,0,255,0,0,0,0
ca,255,0,0,0,0,0
ca,0,0,255,0,0,0
ct,0,255,0,0,0,0
ca,0,0,255,0,0,0
ca,255,0,0,0,0,0
ca,255,0,0,0,0,0
ca,0,255,0,0,0,0
ca,0,255,0,0,0,0
ca,0,0,255,0,0,0
ca,255,0,0,0,0,0
x
r
ca,0,0,255,0,0,0
ca,0,0,255,0,0,0
ca,0,0,255,0,0,0
ca,0,255,0,0,0,0
ca,255,0,0,0,0,0
ca,0,255,0,0,0,0
ca,0,0,255,0,0,0
ca,0,255,0,0,0,0
ca,255,0,0,0,0,0
ca,255,0,0,0,0,0
ca,0,255,0,0,0,0
ca,0,0,255,0,0,0
ca,0,255,0,0,0,0
ca,255,0,0,0,0,0
ca,255,0,0,0,0,0
ct,0,255,0,0,0,0
ct,0,0,255,0,0,0
ct,255,0,0,0,0,0
ct,0,255,0,0,0,0
ct,0,0,255,0,0,0
ct,0,255,0,0,0,0
ct,255,0,0,0,0,0
ct,0,255,0,0,0,0
ct,0,0,255,0,0,0
ca,0,0,255,0,0,0
ca,255,0,0,0,0,0
ca,0,255,0,0,0,0
ca,0,255,0,0,0,0
ca,0,255,0,0,0,0
ca,0,255,0,0,0,0
ca,0,255,0,0,0,0
ca,0,255,0,0,0,0
ca,0,255,0,0,0,0
ca,0,255,0,0,0,0
ca,0,255,0,0,0,0
ca,0,255,0,0,0,0
ca,0,255,0,0,0,0
ca,0,255,0,0,0,0
ca,0,255,0,0,0,0
ca,0,255,0,0,0,0
ca,0,255,0,0,0,0
ca,0,255,0,0,0,0
ca,0,255,0,0,0,0
ca,0,255,0,0,0,0
ca,0,255,0,0,0,0
ca,0,255,0,0,0,0
ca,0,255,0,0,0,0
ca,0,255,0,0,0,0
ca,0,255,0,0,0,0
ca,0,255,0,0,0,0
ca,0,255,0,0,0,0
ca,0,255,0,0,0,0
ca,0,255,0,0,0,0
ca,0,255,0,0,0,0
ca,0,255,0,0,0,0
ca,0,255,0,0,0,0
ca,0,255,0,0,0,0
ca,0,255,0,0,0,0
ca,0,255,0,0,0,0
ca,0,255,0,0,0,0
ca,0,255,0,0,0,0
ca,0,255,0,0,0,0
ca,0,255,0,0,0,0
ca,0,255,0,0,0,0
ca,0,255,0,0,0,0
ca,0,255,0,0,0,0
ca,0,255,0,0,0,0
ca,0,255,0,0,0,0
ca,0,255,0,0,0,0
ca,0,255,0,0,0,0
ca,0,255,0,0,0,0
ca,0,255,0,0,0,0
ca,0,255,0,0,0,0
ca,0,255,0,0,0,0
ca,0,255,0,0,0,0
ca,0,255,0,0,0,0
ca,0,255,0,0,0,0
ca,0,255,0,0,0,0
r
ca,0,255,0,0,0,0
ca,0,255,0,0,0,0
ca,255,0,0,0,0,0
r
ca,0,255,0,0,0,0
ca,255,0,0,0,0,0
ca,0,0,255,0,0,0
ca,255,0,0,0,0,0
ca,0,255,0,0,0,0
ca,0,0,255,0,0,0
ct,255,0,0,0,0,0
ct,0,255,0,0,0,0
ct,0,0,255,0,0,0
ct,0,0,0,255,0,0
ct,0,0,255,0,0,0
ct,0,255,0,0,0,0
ct,255,0,0,0,0,0
ct,255,0,0,0,0,0
ct,0,255,0,0,0,0
ct,0,0,255,0,0,0
ct,0,0,255,0,0,0
ct,0,0,0,255,0,0
ct,0,0,0,255,0,0
ct,0,0,255,0,0,0
ct,0,255,0,0,0,0
ct,255,0,0,0,0,0
ct,0,0,0,255,0,0
ct,0,0,255,0,0,0
ct,0,255,0,0,0,0
ct,255,0,0,0,0,0
ca,255,255,255,0,0,0
ca,0,0,255,0,0,0
ca,0,255,0,0,0,0
ca,255,0,0,0,0,0
ca,255,255,255,0,0,0
ca,0,0,255,0,0,0
ca,0,255,0,0,0,0
ca,255,0,0,0,0,0
ca,255,255,255,0,0,0
ca,255,255,255,0,0,0
ca,255,255,255,0,0,0
ca,255,255,255,0,0,0
ca,0,255,0,0,0,0
ca,255,0,0,0,0,0
ca,0,0,255,0,0,0
ct,0,255,0,0,0,0
ct,0,0,255,0,0,0
ct,255,0,0,0,0,0
ca,255,0,0,0,0,0
ca,0,255,0,0,0,0
ca,0,0,255,0,0,0
ct,0,255,0,0,0,0
ct,0,0,255,0,0,0
ct,255,0,0,0,0,0
ct,0,255,0,0,0,0
ca,0,255,0,0,0,0
ca,255,0,0,0,0,0
ca,0,255,0,0,0,0
ca,0,0,255,0,0,0
ct,0,0,255,0,0,0
ct,0,255,0,0,0,0
ct,255,0,0,0,0,0
ct,255,0,0,0,0,0
ct,0,255,0,0,0,0
ct,0,0,255,0,0,0
ca,0,0,255,0,0,0
ca,0,255,0,0,0,0
ca,255,0,0,0,0,0
ca,255,0,0,0,0,0
ca,0,255,0,0,0,0
ca,0,0,255,0,0,0
ca,255,255,255,0,0,0
ct,0,0,0,255,0,0
ct,0,0,255,0,0,0
ct,0,255,0,0,0,0
ct,255,0,0,0,0,0
ca,255,0,0,0,0,0
ca,0,255,0,0,0,0
ca,0,0,255,0,0,0
ca,255,255,255,0,0,0
ct,0,0,0,255,0,0
ct,0,0,255,0,0,0
ct,0,255,0,0,0,0
ct,255,0,0,0,0,0
ca,255,0,0,0,0,0
ct,255,0,0,0,0,0
ct,0,255,0,0,0,0
ca,0,255,0,0,0,0
ca,0,0,255,0,0,0
ct,0,0,255,0,0,0
ca,255,255,255,0,0,0
ct,0,0,0,255,0,0
ct,0,0,0,255,0,0
ca,255,255,255,0,0,0
ct,0,0,255,0,0,0
ca,0,0,255,0,0,0
ct,0,255,0,0,0,0
ca,0,255,0,0,0,0
ct,255,0,0,0,0,0
ca,255,0,0,0,0,0
ct,255,0,0,0,0,0
ct,0,255,0,0,0,0
ca,0,255,0,0,0,0
ca,255,0,0,0,0,0
ct,255,0,0,0,0,0
ca,0,255,0,0,0,0
ct,0,255,0,0,0,0
ca,0,0,255,0,0,0
ct,0,0,255,0,0,0
ca,255,255,255,0,0,0
ct,0,0,0,255,0,0
ct,0,0,255,0,0,0
ca,0,0,255,0,0,0
ct,0,255,0,0,0,0
ca,0,255,0,0,0,0
ct,255,0,0,0,0,0
ca,255,0,0,0,0,0
ca,255,0,0,0,0,0
ca,0,255,0,0,0,0
ca,0,0,255,0,0,0
ct,0,0,255,0,0,0
ct,0,255,0,0,0,0
ct,255,0,0,0,0,0
ct,0,0,255,0,0,0
ct,0,0,0,255,0,0
ca,255,255,255,0,0,0
ca,0,0,255,0,0,0
ca,0,255,0,0,0,0
ca,255,0,0,0,0,0
ct,255,0,0,0,0,0
ct,0,255,0,0,0,0
ct,0,0,255,0,0,0
ca,0,0,255,0,0,0
ca,0,255,0,0,0,0
ca,255,0,0,0,0,0
ca,255,255,255,0,0,0
ct,0,0,0,255,0,0
ca,255,255,255,0,0,0
ca,0,0,255,0,0,0
ca,0,255,0,0,0,0
ca,255,0,0,0,0,0
ct,255,0,0,0,0,0
ct,0,255,0,0,0,0
ct,0,0,255,0,0,0
ct,0,0,0,255,0,0
ct,0,255,0,0,0,0
ct,255,0,0,0,0,0
ca,0,255,0,0,0,0
ct,0,255,0,0,0,0
ca,255,0,0,0,0,0
ct,255,0,0,0,0,0
ca,0,255,0,0,0,0
ct,255,0,0,0,0,0
ct,0,255,0,0,0,0
ct,0,0,255,0,0,0
ct,0,0,0,255,0,0
ct,0,255,0,0,0,0
ca,255,255,255,0,0,0
ca,0,0,255,0,0,0
ca,0,255,0,0,0,0
ca,255,0,0,0,0,0
ca,0,255,0,0,0,0
ca,0,255,0,0,0,0
ct,0,0,255,0,0,0
ca,0,0,255,0,0,0
ca,255,0,0,0,0,0
ct,255,0,0,0,0,0
ct,0,0,0,255,0,0
ct,0,0,0,255,0,0
ca,255,255,255,0,0,0
ca,255,0,0,0,0,0
ct,255,0,0,0,0,0
ca,255,0,0,0,0,0
ca,255,0,0,0,0,0
ca,0,255,0,0,0,0
ct,0,255,0,0,0,0
ct,255,0,0,0,0,0
ct,0,255,0,0,0,0
ct,0,255,0,0,0,0
ct,255,0,0,0,0,0
ct,0,255,0,0,0,0
ct,255,0,0,0,0,0
ct,0,255,0,0,0,0
ct,255,0,0,0,0,0
ct,0,255,0,0,0,0
ct,255,0,0,0,0,0
ct,0,255,0,0,0,0
ct,255,0,0,0,0,0
ct,0,255,0,0,0,0
ct,255,0,0,0,0,0
ct,0,255,0,0,0,0
ct,255,0,0,0,0,0
ct,0,255,0,0,0,0
ct,255,0,0,0,0,0
ct,0,255,0,0,0,0
ct,255,0,0,0,0,0
ct,0,255,0,0,0,0
ct,255,0,0,0,0,0
ct,0,255,0,0,0,0
ct,255,0,0,0,0,0
ct,0,255,0,0,0,0
ct,255,0,0,0,0,0
ct,0,255,0,0,0,0
ct,255,0,0,0,0,0
ct,0,255,0,0,0,0
ct,255,0,0,0,0,0
ct,0,255,0,0,0,0
ct,0,0,255,0,0,0
ct,0,255,0,0,0,0
ct,0,0,255,0,0,0
ct,0,255,0,0,0,0
ct,0,0,255,0,0,0
ct,0,255,0,0,0,0
ct,0,0,255,0,0,0
ct,0,255,0,0,0,0
ct,0,0,255,0,0,0
ct,0,255,0,0,0,0
ct,0,0,255,0,0,0
ct,0,255,0,0,0,0
ct,0,0,255,0,0,0
ct,0,0,255,0,0,0
ct,0,255,0,0,0,0
ct,255,0,0,0,0,0
ct,0,0,255,0,0,0
ct,0,255,0,0,0,0
ct,255,0,0,0,0,0
ct,0,0,255,0,0,0
ct,0,255,0,0,0,0
ct,255,0,0,0,0,0
ct,0,255,0,0,0,0
ct,0,0,255,0,0,0
ct,0,255,0,0,0,0
ct,255,0,0,0,0,0
ct,0,255,0,0,0,0
ct,0,0,255,0,0,0
ca,0,0,255,0,0,0
ca,0,255,0,0,0,0
ca,255,0,0,0,0,0
ca,0,255,0,0,0,0
ca,0,0,255,0,0,0
ca,255,255,255,0,0,0
ct,0,0,0,255,0,0
ca,255,255,255,0,0,0
ct,0,0,0,255,0,0
ca,255,255,255,0,0,0
ct,0,0,0,255,0,0
ct,0,0,255,0,0,0
ca,0,0,255,0,0,0
ct,0,0,255,0,0,0
ca,0,0,255,0,0,0
ct,0,255,0,0,0,0
ca,0,255,0,0,0,0
ct,255,0,0,0,0,0
ca,255,0,0,0,0,0
ca,0,255,0,0,0,0
ca,0,0,255,0,0,0
ca,255,255,255,0,0,0
ct,0,0,255,0,0,0
ct,0,255,0,0,0,0
ct,255,0,0,0,0,0
ca,0,255,0,0,0,0
ca,255,0,0,0,0,0
ca,0,255,0,0,0,0
ct,0,255,0,0,0,0
ca,0,0,255,0,0,0
ct,0,0,255,0,0,0
ca,255,255,255,0,0,0
ct,0,0,0,255,0,0
ca,255,0,0,0,0,0
ct,255,0,0,0,0,0
ca,0,255,0,0,0,0
ct,0,255,0,0,0,0
ca,0,0,255,0,0,0
ct,0,0,255,0,0,0
ca,255,255,255,0,0,0
ct,0,0,0,255,0,0
ct,0,0,0,0,0,1
ct,0,0,0,0,0,1
ct,0,0,0,0,0,1
ct,0,0,0,0,0,1
ct,0,0,0,0,0,1
ct,0,0,0,0,0,1
ct,0,0,0,0,0,1
ct,0,0,0,0,0,1
ct,0,0,0,0,0,1
ct,0,0,0,0,0,1
ct,0,0,0,0,0,0
ct,0,0,0,0,0,1
ct,0,0,0,255,0,0
ct,0,0,0,0,0,0
ct,0,0,0,255,0,0
ct,0,0,0,0,0,0
ca,0,0,0,0,0,0
ca,33,0,0,0
ca,33,44,0,0
ca,33,44,66,0
ca,33,144,66,0
ca,55,144,66,0
ca,55,2,66,0
ca,55,2,66,0
ca,0,255,0,0,0,0
ca,0,0,0,0,0,0
ct,0,0,0,255,0,0
ct,0,0,0,0,0,0
ct,0,0,0,0,0,1
ca,0,0,255,0,0,0
ca,0,0,0,0,0,0
r
ca,255,0,0,0,0,0
ct,255,0,0,0,0,0
ca,255,0,0,0,0,0
ca,255,0,0,0,0,0
ct,255,0,0,0,0,0
ca,255,0,0,0,0,0
ct,255,0,0,0,0,0
ca,0,255,0,0,0,0
ct,0,255,0,0,0,0
ca,255,0,0,0,0,0
ct,255,0,0,0,0,0
ca,255,0,0,0,0,0
ct,255,0,0,0,0,0
ca,255,0,0,0,0,0
ct,255,0,0,0,0,0
ca,255,255,255,0,0,0
ct,0,0,0,255,0,0
ca,0,0,0,0,0,0
ct,0,0,0,0,0,0
r
ca,255,0,0,0,0,0
ct,255,0,0,0,0,0
ca,255,0,0,0,0,0
r
ct,255,0,0,0,0,0
ca,255,0,0,0,0,0
ct,255,0,0,0,0,0
ca,255,255,255,0,0,0
ct,0,0,0,255,0,0
ca,0,255,0,0,0,0
ct,0,255,0,0,0,0
ca,255,0,0,0,0,0
ct,255,0,0,0,0,0
r
r
ca,255,0,0,0,0,0
ct,255,0,0,0,0,0
ct,0,255,0,0,0,0
ca,0,255,0,0,0,0
ca,255,0,0,0,0,0
ct,255,0,0,0,0,0
